433285.07223599997814745 108967.37972399999853224
433285.30663200002163649 108966.14744400000199676
433285.65331199998036027 108964.52733599999919534
433287.52635599998757243 108955.96970400000282098
433287.94723200000589713 108954.08200799999758601
433290.65817599999718368 108941.60933999999542721
433293.17284799995832145 108930.15234000000054948
433294.42870799999218434 108924.45407999999588355
433295.11717199999839067 108921.36229200000525452
433295.37108000001171604 108920.19628800000646152
433298.31930000003194436 108906.63962400000309572
433298.33064000000013039 108906.58771199999318924
